0 279 151 286
10 236 95 267
20 95 144 189
30 116 150 151
40 123 54 150
50 126 54 161
60 577 54 178
70 230 46 189
80 207 46 199
90 240 49 185
100 349 258 218
110 360 71 218
120 283 46 184
130 427 36 281
140 376 45 266
150 350 47 384
160 405 75 342
170 384 42 266
180 397 37 229
190 415 37 269
200 501 44 270
210 432 36 223
220 407 36 261
230 417 36 227
240 416 38 291
250 645 34 452
260 689 95 384
270 665 40 410
280 756 42 374
290 915 28 400
300 746 50 481
310 756 30 392
320 679 35 575
330 685 34 424
340 744 29 357
350 680 59 538
360 699 32 385
370 831 33 413
380 615 38 509
390 875 31 387
400 656 39 480
410 653 30 366
420 616 54 374
430 614 28 346
440 744 28 345
450 608 28 354
460 607 55 485
470 760 29 424
480 682 31 385
490 731 28 383
500 1527 21 696
510 1304 22 725
520 1488 21 700
530 1170 48 667
540 1251 47 659
550 1206 47 707
560 1254 20 691
570 1218 20 603
580 1416 21 817
590 1327 21 674
600 1335 22 936
610 1250 20 606
620 1286 20 605
630 1196 20 605
640 1224 20 606
650 1357 20 643
660 1356 20 777
670 1214 20 657
680 1202 21 640
690 1214 21 639
700 1198 21 628
710 1200 21 628
720 1201 21 628
730 1226 21 628
740 1223 21 661
750 1199 21 630
760 1199 21 627
770 1198 21 628
780 1199 21 643
790 1202 21 635
800 1199 21 645
810 1199 21 631
820 1199 21 653
830 1203 21 680
840 1207 21 649
850 1199 21 631
860 1199 21 693
870 1205 21 628
880 1219 21 641
890 1217 21 683
900 1227 21 635
910 1202 21 629
920 1212 21 637
930 1199 21 628
940 1221 21 637
950 1207 21 628
960 1216 21 638
970 1214 21 629
980 1232 21 633
990 1201 21 630
1000 2399 13 1220
1010 2380 13 1182
1020 2372 13 1181
1030 2415 13 1188
1040 2383 13 1185
1050 2399 13 1181
1060 2385 13 1180
1070 2363 13 1193
1080 2379 13 1183
1090 2403 13 1227
1100 2353 13 1199
1110 2353 13 1198
1120 2397 13 1181
1130 2512 13 1182
1140 2394 13 1183
1150 2440 13 1187
1160 2372 13 1186
1170 2391 13 1180
1180 2387 13 1193
1190 2376 13 1196
1200 2358 13 1179
1210 2364 13 1187
1220 2364 13 1199
1230 2354 13 1211
1240 3163 13 1617
1250 2353 13 1201
1260 2649 13 1198
1270 2357 13 1342
1280 2400 13 1186
1290 2434 13 1199
1300 2378 13 1198
1310 2382 13 1194
1320 2392 13 1207
1330 2378 13 1181
1340 2358 13 1182
1350 2391 13 1193
1360 2415 13 1189
1370 2365 13 1195
1380 2362 13 1188
1390 2353 13 1200
1400 2356 13 1284
1410 2629 13 1206
1420 2381 27 1191
1430 2399 13 1197
1440 2371 13 1182
1450 2378 22 1180
1460 2382 13 1180
1470 2414 13 1193
1480 2355 13 1181
1490 2569 13 1181
1500 2364 13 1181
1510 2380 13 1180
1520 2374 13 1203
1530 2353 13 1199
1540 2354 13 1220
1550 2384 13 1205
1560 2378 13 1181
1570 2385 13 1179
1580 2470 13 1179
1590 2382 13 1190
1600 2390 13 1181
1610 2366 13 1180
1620 2364 13 1182
1630 2380 13 1191
1640 2375 13 1197
1650 2393 13 1200
1660 2358 13 1193
1670 2370 13 1229
1680 2379 13 1182
1690 2400 13 1179
1700 2451 13 1187
1710 2390 13 1187
1720 2390 13 1180
1730 2391 13 1196
1740 2363 13 1180
1750 2363 13 1185
1760 2364 13 1186
1770 2360 13 1196
1780 2354 13 1200
1790 2354 13 1218
1800 2379 13 1179
1810 2403 13 1180
1820 2380 13 1182
1830 2394 13 1189
1840 2474 13 1212
1850 2382 13 1188
1860 2360 13 1185
1870 2372 13 1186
1880 2358 13 1227
1890 2376 13 1200
1900 2375 13 1205
1910 2354 13 1219
1920 2354 13 1269
1930 2397 13 1180
1940 2380 13 1182
1950 2398 13 1180
1960 2402 13 1203
1970 2392 13 1181
1980 2374 13 1180
1990 2367 13 1180
